place(-20.476, 1.000, -11.922, "Brawler", 750)
task.wait(1)
upgrade(-20.476, 2.350, -11.922, 506)
place(-37.380, 1.000, 18.603, "Farm", 332)
place(-37.174, 1.000, 22.567, "Farm", 584)
task.wait(1)
upgrade(-37.191, 2.241, 22.567, 489)
upgrade(-37.191, 2.241, 22.567, 332)
upgrade(-37.191, 2.241, 22.567, 975)
place(-26.332, 1.000, -11.524, "Brawler", 609)
task.wait(1)
upgrade(-37.397, 2.241, 18.603, 381)
upgrade(-37.397, 2.241, 18.603, 759)
place(-24.095, 1.000, -6.675, "Brawler", 924)
place(-25.942, 1.000, -9.146, "Brawler", 1287)
place(-18.677, 1.000, -10.209, "Brawler", 1469)
place(-18.491, 1.000, -8.132, "Brawler", 1109)
task.wait(1)
upgrade(-26.332, 2.350, -11.524, 2137)
upgrade(-25.942, 2.350, -9.146, 1837)
upgrade(-24.095, 2.350, -6.675, 1537)
upgrade(-18.677, 2.350, -10.209, 1253)
upgrade(-18.491, 2.350, -8.132, 953)
place(-37.323, 1.000, 26.117, "Farm", 669)
task.wait(1)
upgrade(-37.340, 2.241, 26.117, 851)
upgrade(-37.340, 2.241, 26.117, 657)
place(-37.432, 1.000, 29.657, "Farm", 869)
task.wait(1)
upgrade(-37.450, 2.241, 29.657, 620)
upgrade(-37.450, 2.241, 29.657, 700)
place(-37.574, 1.000, 33.294, "Farm", 1282)
task.wait(1)
upgrade(-37.591, 2.241, 33.294, 1093)
upgrade(-37.591, 2.241, 33.294, 924)
place(-37.527, 1.000, 36.885, "Farm", 523)
task.wait(1)
upgrade(-37.545, 2.241, 36.885, 386)
upgrade(-37.545, 2.241, 36.885, 669)
place(-37.895, 1.000, 40.715, "Farm", 1010)
task.wait(1)
upgrade(-37.912, 2.241, 40.715, 1098)
upgrade(-37.912, 2.241, 40.715, 898)
place(-15.922, 1.000, -9.992, "Electroshocker", 2256)
task.wait(1)
upgrade(-15.922, 2.350, -9.992, 1533)
upgrade(-15.922, 2.350, -9.992, 1329)
place(-37.930, 1.000, 44.383, "Farm", 2206)
task.wait(1)
upgrade(-37.948, 2.241, 44.383, 1960)
upgrade(-37.948, 2.241, 44.383, 1763)
upgrade(-37.948, 2.241, 44.383, 1210)
upgrade(-37.912, 2.241, 40.715, 2460)
upgrade(-37.545, 2.241, 36.885, 1460)
upgrade(-37.591, 2.241, 33.294, 1156)
upgrade(-37.450, 2.241, 29.657, 1616)
upgrade(-37.340, 2.241, 26.117, 1017)
upgrade(-37.191, 2.241, 22.567, 3517)
upgrade(-37.397, 2.241, 18.603, 2517)
upgrade(-26.332, 2.350, -11.524, 1517)
upgrade(-20.476, 2.350, -11.922, 1147)
upgrade(-25.942, 2.350, -9.146, 959)
upgrade(-18.677, 2.350, -10.209, 1436)
upgrade(-24.095, 2.350, -6.675, 1019)
upgrade(-18.491, 2.350, -8.132, 4169)
upgrade(-26.332, 2.350, -11.524, 3715)
upgrade(-26.332, 2.350, -11.524, 8305)
upgrade(-20.476, 2.350, -11.922, 3385)
upgrade(-20.476, 2.350, -11.922, 8948)
upgrade(-25.942, 2.350, -9.146, 4068)
upgrade(-25.942, 2.350, -9.146, 5402)
upgrade(-18.677, 2.350, -10.209, 5088)
upgrade(-18.677, 2.350, -10.209, 5036)
upgrade(-18.491, 2.350, -8.132, 2537)
upgrade(-18.491, 2.350, -8.132, 5235)
task.wait(0.5)
reposition(-25.942, 2.350, -9.146, -18.160, 1.000, -2.317)
reposition(-26.332, 2.350, -11.524, -18.341, 1.000, -4.335)
upgrade(-24.095, 2.350, -6.675, 11541)
upgrade(-24.095, 2.350, -6.675, 9541)
place(25.574, 1.000, 11.699, "Mercenary Base", 13686)
task.wait(1)
upgrade(25.574, 0.975, 11.699, 11025)
upgrade(25.574, 0.975, 11.699, 9675)
place(20.987, 1.000, 12.001, "Mercenary Base", 7975)
task.wait(1)
upgrade(20.987, 0.975, 12.001, 5975)
upgrade(20.987, 0.975, 12.001, 4975)
task.wait(0.5)
switchUnit(20.987, 0.975, 12.001, "Unit 1", "Grenadier")
switchUnit(20.987, 0.975, 12.001, "Unit 2", "Grenadier")
place(-4.656, 1.000, 10.922, "Mercenary Base", 3775)
task.wait(1)
upgrade(-4.656, 0.975, 10.922, 3322)
upgrade(-4.656, 0.975, 10.922, 5972)
upgrade(25.574, 0.975, 11.699, 13813)
upgrade(25.574, 0.975, 11.699, 11578)
upgrade(25.574, 0.975, 11.699, 17800)
task.wait(0.5)
switchUnit(25.574, 0.975, 11.699, "Unit 3", "Field Medic")
upgrade(25.574, 0.975, 11.699, 36038)
upgrade(20.987, 0.975, 12.001, 8538)
upgrade(20.987, 0.975, 12.001, 10663)
task.wait(0.5)
switchUnit(20.987, 0.975, 12.001, "Unit 3", "Grenadier")
upgrade(20.987, 0.975, 12.001, 13601)
upgrade(20.987, 0.975, 12.001, 38929)
upgrade(-4.656, 0.975, 10.922, 7929)
upgrade(-4.656, 0.975, 10.922, 10873)
upgrade(-4.656, 0.975, 10.922, 13790)
upgrade(-4.656, 0.975, 10.922, 40860)
upgrade(-15.922, 2.350, -9.992, 18572)
upgrade(-15.922, 2.350, -9.992, 16583)
upgrade(-15.922, 2.350, -9.992, 11886)
upgrade(-15.922, 2.350, -9.992, 17572)
place(-10.222, 1.000, -9.834, "Electroshocker", 9569)
task.wait(1)
upgrade(-10.222, 2.350, -9.834, 13344)
upgrade(-10.222, 2.350, -9.834, 13048)
upgrade(-10.222, 2.350, -9.834, 13721)
upgrade(-10.222, 2.350, -9.834, 12287)
upgrade(-10.222, 2.350, -9.834, 16172)
place(-12.187, 1.000, -3.363, "Electroshocker", 2194)
task.wait(1)
upgrade(-12.187, 2.350, -3.363, 9994)
upgrade(-12.187, 2.350, -3.363, 9697)
upgrade(-12.187, 2.350, -3.363, 9124)
upgrade(-12.187, 2.350, -3.363, 7130)
upgrade(-12.187, 2.350, -3.363, 19089)
place(-15.053, 1.000, 4.064, "Electroshocker", 10094)
task.wait(1)
upgrade(-15.053, 2.350, 4.064, 10861)
upgrade(-15.053, 2.350, 4.064, 10576)
upgrade(-15.053, 2.350, 4.064, 10000)
upgrade(-15.053, 2.350, 4.064, 7989)
upgrade(-15.053, 2.350, 4.064, 3497)
upgrade(-15.053, 2.350, 4.064, 17610)
place(-12.053, 1.000, -0.342, "Engineer", 20599)
task.wait(1)
upgrade(-12.053, 2.350, -0.342, 22003)
upgrade(-12.053, 2.350, -0.342, 22297)
upgrade(-12.053, 2.350, -0.342, 22613)
upgrade(-12.053, 2.350, -0.342, 20492)
upgrade(-12.053, 2.350, -0.342, 17507)
upgrade(-12.053, 2.350, -0.342, 36377)
place(-8.880, 1.000, -0.291, "Engineer", 2387)
task.wait(1)
upgrade(-8.880, 2.350, -0.291, 1797)
upgrade(-8.880, 2.350, -0.291, 1450)
upgrade(-8.880, 2.350, -0.291, 937)
upgrade(-8.880, 2.350, -0.291, 3231)
upgrade(-8.880, 2.350, -0.291, 11887)
upgrade(-8.880, 2.350, -0.291, 22469)
upgrade(-8.880, 2.350, -0.291, 39969)
place(-8.915, 1.000, 2.768, "Engineer", 32548)
task.wait(1)
upgrade(-8.915, 2.350, 2.768, 31948)
upgrade(-8.915, 2.350, 2.768, 36588)
upgrade(-8.915, 2.350, 2.768, 34786)
upgrade(-8.915, 2.350, 2.768, 33809)
upgrade(-8.915, 2.350, 2.768, 29158)
upgrade(-8.915, 2.350, 2.768, 36548)
place(-12.042, 1.000, 2.713, "Engineer", 12298)
task.wait(1)
upgrade(-12.042, 2.350, 2.713, 16698)
upgrade(-12.042, 2.350, 2.713, 16351)
upgrade(-12.042, 2.350, 2.713, 15829)
upgrade(-12.042, 2.350, 2.713, 13550)
upgrade(-12.042, 2.350, 2.713, 8806)
upgrade(-12.042, 2.350, 2.713, 39896)
place(-1.777, 1.000, 3.429, "Engineer", 30396)
task.wait(1)
upgrade(-1.777, 2.350, 3.429, 34419)
upgrade(-1.777, 2.350, 3.429, 35278)
upgrade(-1.777, 2.350, 3.429, 34918)
upgrade(-1.777, 2.350, 3.429, 34015)
upgrade(-1.777, 2.350, 3.429, 30119)
upgrade(-1.777, 2.350, 3.429, 20321)
upgrade(-1.777, 2.350, 3.429, 35978)
place(1.302, 1.000, 3.211, "Engineer", 10896)
task.wait(1)
upgrade(1.302, 2.350, 3.211, 19594)
upgrade(1.302, 2.350, 3.211, 19247)
upgrade(1.302, 2.350, 3.211, 18710)
upgrade(1.302, 2.350, 3.211, 16544)
upgrade(1.302, 2.350, 3.211, 23686)
upgrade(1.302, 2.350, 3.211, 36444)
upgrade(-25.942, 2.350, -9.146, 25277)
upgrade(-26.332, 2.350, -11.524, 15777)
upgrade(-18.491, 2.350, -8.132, 25246)
upgrade(-18.677, 2.350, -10.209, 16106)
upgrade(-20.476, 2.350, -11.922, 20427)
upgrade(-24.095, 2.350, -6.675, 14927)
task.wait(0.5)
switchUnit(-4.656, 0.975, 10.922, "Unit 1", "Riot Guard")
switchUnit(-4.656, 0.975, 10.922, "Unit 2", "Riot Guard")
switchUnit(-4.656, 0.975, 10.922, "Unit 3", "Riot Guard")
switchUnit(20.987, 0.975, 12.001, "Unit 1", "Riot Guard")
switchUnit(20.987, 0.975, 12.001, "Unit 2", "Riot Guard")
switchUnit(20.987, 0.975, 12.001, "Unit 3", "Riot Guard")
switchUnit(25.574, 0.975, 11.699, "Unit 1", "Riot Guard")
switchUnit(25.574, 0.975, 11.699, "Unit 2", "Riot Guard")
airDropAbility(-4.656, 0.975, 10.922, 1, 124.735932, 1.078897, 1.125002, 6.610538, -0.921269, 0.000000, 0.388926, 0.000000, 1.000000, -0.000000, -0.388926, 0.000000)
airDropAbility(20.987, 0.975, 12.001, 1, 124.735932, 1.481042, 1.125002, 6.602293, -0.905155, 0.000000, 0.425081, 0.000000, 1.000000, -0.000000, -0.425081, 0.000000)
airDropAbility(25.574, 0.975, 11.699, 1, 124.735932, 1.639798, 1.125002, 6.599039, -0.898582, 0.000000, 0.438807, 0.000000, 1.000000, -0.000000, -0.438807, 0.000000)
airDropAbility(-4.656, 0.975, 10.922, 1, 128.560313, 5.695903, 1.125002, 6.527157, -0.763094, 0.000000, -0.646288, 0.000000, 1.000000, -0.000000, 0.646288, -0.000000)
airDropAbility(20.987, 0.975, 12.001, 1, 128.560313, 5.249402, 1.125002, 6.533463, -0.689255, 0.000000, 0.724519, 0.000000, 1.000000, -0.000000, -0.724519, 0.000000)
airDropAbility(25.574, 0.975, 11.699, 1, 128.560313, 5.447866, 1.125002, 6.530660, -0.680268, 0.000000, 0.732964, 0.000000, 1.000000, -0.000000, -0.732964, 0.000000)
reposition(-25.942, 2.350, -9.146, 6.689, 1.000, -3.806)
reposition(-26.332, 2.350, -11.524, 5.428, 1.000, 2.984)
reposition(-18.491, 2.350, -8.132, 8.310, 1.000, 3.381)
reposition(-18.677, 2.350, -10.209, 3.017, 1.000, -3.163)
reposition(-25.942, 2.350, -9.146, 0.615, 1.000, -3.328)
reposition(-20.476, 2.350, -11.922, -1.910, 1.000, -3.279)
reposition(-24.095, 2.350, -6.675, -4.808, 1.000, -3.174)
