place(-20.342, 1.000, -11.847, "Brawler", 702)
upgrade(-20.342, 2.350, -11.847, 458)
place(-37.129, 1.000, 19.061, "Farm", 284)
upgrade(-37.146, 2.241, 19.061, 536)
upgrade(-37.146, 2.241, 19.061, 591)
place(-37.163, 1.000, 22.563, "Farm", 577)
place(-26.002, 1.000, -11.400, "Brawler", 811)
upgrade(-37.180, 2.241, 22.563, 247)
upgrade(-37.180, 2.241, 22.563, 659)
place(-24.173, 1.000, -6.370, "Brawler", 826)
place(-25.896, 1.000, -8.980, "Brawler", 1391)
place(-18.652, 1.000, -10.519, "Brawler", 1371)
place(-18.602, 1.000, -8.399, "Brawler", 909)
upgrade(-24.173, 2.350, -6.370, 571)
upgrade(-25.896, 2.350, -8.980, 1236)
upgrade(-26.002, 2.350, -11.400, 939)
upgrade(-18.652, 2.350, -10.519, 1139)
upgrade(-18.602, 2.350, -8.399, 847)
place(-37.469, 1.000, 26.338, "Farm", 563)
upgrade(-37.486, 2.241, 26.338, 705)
upgrade(-37.486, 2.241, 26.338, 553)
place(-37.543, 1.000, 29.937, "Farm", 1079)
upgrade(-37.561, 2.241, 29.937, 829)
upgrade(-37.561, 2.241, 29.937, 630)
place(-37.450, 1.000, 33.446, "Farm", 1185)
upgrade(-37.467, 2.241, 33.446, 1015)
upgrade(-37.467, 2.241, 33.446, 888)
place(-37.447, 1.000, 37.250, "Farm", 665)
upgrade(-37.464, 2.241, 37.250, 526)
upgrade(-37.464, 2.241, 37.250, 1800)
place(-37.732, 1.000, 41.151, "Farm", 1250)
upgrade(-37.750, 2.241, 41.151, 1000)
upgrade(-37.750, 2.241, 41.151, 802)
place(-15.521, 1.000, -9.070, "Hacker", 2160)
upgrade(-15.521, 2.403, -9.070, 848)
upgrade(-15.521, 2.403, -9.070, 1365)
place(-37.728, 1.000, 44.991, "Farm", 2235)
upgrade(-37.745, 2.241, 44.991, 1985)
upgrade(-37.745, 2.241, 44.991, 1968)
upgrade(-37.745, 2.241, 44.991, 1047)
upgrade(-37.750, 2.241, 41.151, 1123)
upgrade(-37.464, 2.241, 37.250, 1356)
upgrade(-37.467, 2.241, 33.446, 3507)
upgrade(-37.561, 2.241, 29.937, 2507)
upgrade(-37.486, 2.241, 26.338, 1507)
upgrade(-37.180, 2.241, 22.563, 1299)
upgrade(-37.146, 2.241, 19.061, 2115)
upgrade(-26.002, 2.350, -11.400, 1548)
upgrade(-20.342, 2.350, -11.847, 4698)
upgrade(-25.896, 2.350, -8.980, 3848)
upgrade(-18.652, 2.350, -10.519, 2998)
upgrade(-18.602, 2.350, -8.399, 2588)
upgrade(-24.173, 2.350, -6.370, 1826)
upgrade(-26.002, 2.350, -11.400, 2834)
upgrade(-26.002, 2.350, -11.400, 6266)
upgrade(-20.342, 2.350, -11.847, 2071)
upgrade(-20.342, 2.350, -11.847, 6038)
upgrade(-25.896, 2.350, -8.980, 2154)
upgrade(-25.896, 2.350, -8.980, 7073)
upgrade(-18.652, 2.350, -10.519, 2335)
upgrade(-18.652, 2.350, -10.519, 5205)
upgrade(-24.173, 2.350, -6.370, 4321)
reposition(-25.896, 2.350, -8.980, -18.016, 1.000, -2.459)
reposition(-26.002, 2.350, -11.400, -18.520, 1.000, -4.563)
upgrade(-18.602, 2.350, -8.399, 14907)
upgrade(-18.602, 2.350, -8.399, 12951)
upgrade(-24.173, 2.350, -6.370, 8335)
place(25.137, 1.000, 12.022, "Mercenary Base", 12104)
upgrade(25.137, 0.975, 12.022, 9739)
upgrade(25.137, 0.975, 12.022, 8430)
place(20.565, 1.000, 12.361, "Mercenary Base", 6759)
upgrade(20.565, 0.975, 12.361, 4944)
upgrade(20.565, 0.975, 12.361, 3602)
switchUnit(20.565, 0.975, 12.361, "Unit 1", "Grenadier")
switchUnit(20.565, 0.975, 12.361, "Unit 2", "Grenadier")
place(-5.201, 1.000, 10.260, "Farm", 5190)
place(-4.941, 1.000, 9.776, "Mercenary Base", 5196)
upgrade(-4.941, 0.975, 9.776, 6446)
upgrade(-4.941, 0.975, 9.776, 5096)
upgrade(25.137, 0.975, 12.022, 8870)
upgrade(20.565, 0.975, 12.361, 8723)
upgrade(-4.941, 0.975, 9.776, 10670)
upgrade(25.137, 0.975, 12.022, 11875)
upgrade(25.137, 0.975, 12.022, 13500)
switchUnit(25.137, 0.975, 12.022, "Unit 3", "Field Medic")
upgrade(25.137, 0.975, 12.022, 46043)
upgrade(20.565, 0.975, 12.361, 10813)
upgrade(20.565, 0.975, 12.361, 35035)
switchUnit(20.565, 0.975, 12.361, "Unit 3", "Grenadier")
upgrade(20.565, 0.975, 12.361, 38483)
upgrade(-4.941, 0.975, 9.776, 107064)
upgrade(-4.941, 0.975, 9.776, 97222)
upgrade(-4.941, 0.975, 9.776, 85532)
place(-8.608, 1.000, -1.026, "Engineer", 79845)
upgrade(-8.608, 2.350, -1.026, 79245)
upgrade(-8.608, 2.350, -1.026, 80498)
upgrade(-8.608, 2.350, -1.026, 80498)
upgrade(-8.608, 2.350, -1.026, 77774)
upgrade(-8.608, 2.350, -1.026, 73310)
upgrade(-8.608, 2.350, -1.026, 59935)
place(-11.797, 1.000, -0.949, "Engineer", 28268)
upgrade(-11.797, 2.350, -0.949, 28845)
upgrade(-11.797, 2.350, -0.949, 28845)
upgrade(-11.797, 2.350, -0.949, 27958)
upgrade(-11.797, 2.350, -0.949, 25813)
upgrade(-11.797, 2.350, -0.949, 20945)
upgrade(-11.797, 2.350, -0.949, 13708)
upgrade(-11.797, 2.350, -0.949, 41894)
place(-8.694, 1.000, 2.045, "Engineer", 17802)
upgrade(-8.694, 2.350, 2.045, 19402)
upgrade(-8.694, 2.350, 2.045, 20291)
upgrade(-8.694, 2.350, 2.045, 20005)
upgrade(-8.694, 2.350, 2.045, 18289)
upgrade(-8.694, 2.350, 2.045, 13020)
upgrade(-8.694, 2.350, 2.045, 16302)
upgrade(-8.694, 2.350, 2.045, 35945)
place(-11.763, 1.000, 2.171, "Engineer", 4738)
upgrade(-11.763, 2.350, 2.171, 4138)
upgrade(-11.763, 2.350, 2.171, 3789)
upgrade(-11.763, 2.350, 2.171, 4370)
upgrade(-11.763, 2.350, 2.171, 2410)
upgrade(-11.763, 2.350, 2.171, 3424)
upgrade(-11.763, 2.350, 2.171, 10358)
upgrade(-11.763, 2.350, 2.171, 21404)
upgrade(-11.763, 2.350, 2.171, 36863)
place(-2.646, 1.000, 3.267, "Engineer", 15060)
upgrade(-2.646, 2.350, 3.267, 17064)
upgrade(-2.646, 2.350, 3.267, 19604)
upgrade(-2.646, 2.350, 3.267, 19086)
upgrade(-2.646, 2.350, 3.267, 16814)
upgrade(-2.646, 2.350, 3.267, 16814)
upgrade(-2.646, 2.350, 3.267, 34142)
upgrade(-2.646, 2.350, 3.267, 47442)
place(0.381, 1.000, 3.382, "Engineer", 23942)
upgrade(0.381, 2.350, 3.382, 29667)
upgrade(0.381, 2.350, 3.382, 32606)
upgrade(0.381, 2.350, 3.382, 34253)
upgrade(0.381, 2.350, 3.382, 32123)
upgrade(0.381, 2.350, 3.382, 27337)
upgrade(0.381, 2.350, 3.382, 35767)
upgrade(-15.521, 2.403, -9.070, 23768)
upgrade(-15.521, 2.403, -9.070, 16276)
upgrade(-15.521, 2.403, -9.070, 32268)
upgrade(-15.521, 2.403, -9.070, 70518)
place(-8.995, 1.000, -9.092, "Hacker", 34693)
upgrade(-8.995, 2.403, -9.092, 36090)
upgrade(-8.995, 2.403, -9.092, 35491)
upgrade(-8.995, 2.403, -9.092, 35092)
upgrade(-8.995, 2.403, -9.092, 27751)
upgrade(-8.995, 2.403, -9.092, 78476)
switchUnit(25.137, 0.975, 12.022, "Unit 1", "Riot Guard")
switchUnit(25.137, 0.975, 12.022, "Unit 2", "Riot Guard")
switchUnit(20.565, 0.975, 12.361, "Unit 1", "Riot Guard")
switchUnit(20.565, 0.975, 12.361, "Unit 2", "Riot Guard")
switchUnit(20.565, 0.975, 12.361, "Unit 3", "Riot Guard")
switchUnit(-4.941, 0.975, 9.776, "Unit 1", "Riot Guard")
switchUnit(-4.941, 0.975, 9.776, "Unit 2", "Riot Guard")
switchUnit(-4.941, 0.975, 9.776, "Unit 3", "Field Medic")
activateAbility(-4.941, 0.975, 9.776, "Air-Drop")
activateAbility(20.565, 0.975, 12.361, "Air-Drop")
activateAbility(25.137, 0.975, 12.022, "Air-Drop")
activateAbility(-8.995, 2.403, -9.092, "Hologram Tower")
activateAbility(-15.521, 2.403, -9.070, "Hologram Tower")
upgrade(-25.896, 2.350, -8.980, 505040)
upgrade(-26.002, 2.350, -11.400, 498166)
upgrade(-18.602, 2.350, -8.399, 484138)
upgrade(-24.173, 2.350, -6.370, 493016)
upgrade(-20.342, 2.350, -11.847, 491337)
upgrade(-18.652, 2.350, -10.519, 485291)
activateAbility(-8.995, 2.403, -9.092, "Hologram Tower")
