place(-20.563, 1.000, -12.209, "Brawler", 702)
upgrade(-20.563, 2.350, -12.209, 458)
place(-36.750, 1.000, 18.451, "Farm", 284)
upgrade(-36.767, 2.241, 18.451, 536)
upgrade(-36.767, 2.241, 18.451, 591)
place(-36.851, 1.000, 22.032, "Farm", 577)
place(-25.903, 1.000, -11.502, "Brawler", 811)
upgrade(-36.868, 2.241, 22.032, 1076)
upgrade(-36.868, 2.241, 22.032, 877)
place(-24.328, 1.000, -6.651, "Brawler", 826)
place(-25.940, 1.000, -9.167, "Brawler", 1891)
place(-18.687, 1.000, -10.919, "Brawler", 1451)
place(-18.676, 1.000, -8.378, "Brawler", 1863)
upgrade(-25.903, 2.350, -11.502, 2039)
upgrade(-25.940, 2.350, -9.167, 1747)
upgrade(-24.328, 2.350, -6.651, 1374)
upgrade(-18.687, 2.350, -10.919, 1163)
upgrade(-18.676, 2.350, -8.378, 863)
place(-36.807, 1.000, 25.593, "Farm", 1003)
upgrade(-36.824, 2.241, 25.593, 753)
upgrade(-36.824, 2.241, 25.593, 554)
place(-37.008, 1.000, 29.363, "Farm", 1079)
upgrade(-37.025, 2.241, 29.363, 829)
upgrade(-37.025, 2.241, 29.363, 640)
place(-37.253, 1.000, 33.022, "Farm", 1265)
upgrade(-37.270, 2.241, 33.022, 1095)
upgrade(-37.270, 2.241, 33.022, 899)
place(-37.356, 1.000, 36.705, "Farm", 585)
upgrade(-37.373, 2.241, 36.705, 495)
upgrade(-37.373, 2.241, 36.705, 298)
upgrade(-37.373, 2.241, 36.705, 615)
place(-37.511, 1.000, 40.318, "Farm", 1232)
upgrade(-37.528, 2.241, 40.318, 1000)
upgrade(-37.528, 2.241, 40.318, 804)
place(-15.589, 1.000, -9.117, "Hacker", 2248)
upgrade(-15.589, 2.403, -9.117, 960)
upgrade(-15.589, 2.403, -9.117, 1399)
place(-37.132, 1.000, 44.166, "Farm", 2269)
upgrade(-37.150, 2.241, 44.166, 2151)
upgrade(-37.150, 2.241, 44.166, 2400)
upgrade(-37.150, 2.241, 44.166, 1763)
upgrade(-37.528, 2.241, 40.318, 1114)
upgrade(-37.373, 2.241, 36.705, 1347)
upgrade(-37.270, 2.241, 33.022, 3498)
upgrade(-37.025, 2.241, 29.363, 2498)
upgrade(-36.824, 2.241, 25.593, 1498)
upgrade(-36.767, 2.241, 18.451, 1463)
upgrade(-36.868, 2.241, 22.032, 1023)
upgrade(-25.903, 2.350, -11.502, 1539)
upgrade(-20.563, 2.350, -12.209, 4689)
upgrade(-18.687, 2.350, -10.919, 3839)
upgrade(-25.940, 2.350, -9.167, 2989)
upgrade(-24.328, 2.350, -6.651, 2139)
upgrade(-18.676, 2.350, -8.378, 1729)
upgrade(-25.903, 2.350, -11.502, 2921)
upgrade(-25.903, 2.350, -11.502, 5468)
upgrade(-20.563, 2.350, -12.209, 2149)
upgrade(-20.563, 2.350, -12.209, 5989)
upgrade(-18.687, 2.350, -10.919, 2235)
upgrade(-18.687, 2.350, -10.919, 7242)
upgrade(-25.940, 2.350, -9.167, 2522)
upgrade(-25.940, 2.350, -9.167, 5154)
reposition(-25.940, 2.350, -9.167, -18.200, 1.000, -2.022)
reposition(-25.903, 2.350, -11.502, -18.347, 1.000, -4.395)
upgrade(-24.328, 2.350, -6.651, 11878)
upgrade(-24.328, 2.350, -6.651, 9878)
upgrade(-18.676, 2.350, -8.378, 8755)
upgrade(-18.676, 2.350, -8.378, 6878)
place(24.980, 1.000, 12.078, "Mercenary Base", 4133)
upgrade(24.980, 0.975, 12.078, 2943)
upgrade(24.980, 0.975, 12.078, 6217)
place(20.421, 1.000, 12.290, "Mercenary Base", 3467)
upgrade(20.421, 0.975, 12.290, 1487)
switchUnit(20.421, 0.975, 12.290, "Unit 1", "Grenadier")
upgrade(20.421, 0.975, 12.290, 3007)
switchUnit(20.421, 0.975, 12.290, "Unit 2", "Grenadier")
place(-5.385, 1.000, 10.128, "Mercenary Base", 3379)
upgrade(-5.385, 0.975, 10.128, 4629)
upgrade(-5.385, 0.975, 10.128, 3292)
upgrade(24.980, 0.975, 12.078, 11299)
upgrade(20.421, 0.975, 12.290, 11165)
upgrade(-5.385, 0.975, 10.128, 8386)
upgrade(24.980, 0.975, 12.078, 13700)
upgrade(24.980, 0.975, 12.078, 14612)
switchUnit(24.980, 0.975, 12.078, "Unit 3", "Field Medic")
upgrade(24.980, 0.975, 12.078, 40140)
upgrade(20.421, 0.975, 12.290, 11060)
upgrade(20.421, 0.975, 12.290, 14631)
switchUnit(20.421, 0.975, 12.290, "Unit 3", "Grenadier")
upgrade(20.421, 0.975, 12.290, 37423)
upgrade(-5.385, 0.975, 10.128, 12958)
upgrade(-5.385, 0.975, 10.128, 13976)
upgrade(-5.385, 0.975, 10.128, 37906)
place(-8.583, 1.000, -1.899, "Engineer", 13906)
upgrade(-8.583, 2.350, -1.899, 14406)
upgrade(-8.583, 2.350, -1.899, 14063)
upgrade(-8.583, 2.350, -1.899, 13533)
upgrade(-8.583, 2.350, -1.899, 11330)
upgrade(-8.583, 2.350, -1.899, 24171)
upgrade(-8.583, 2.350, -1.899, 36756)
place(-11.792, 1.000, -2.021, "Engineer", 9856)
upgrade(-11.792, 2.350, -2.021, 10656)
upgrade(-11.792, 2.350, -2.021, 8628)
upgrade(-11.792, 2.350, -2.021, 8628)
upgrade(-11.792, 2.350, -2.021, 8628)
upgrade(-11.792, 2.350, -2.021, 16323)
upgrade(-11.792, 2.350, -2.021, 38729)
place(-8.746, 1.000, 1.241, "Engineer", 11779)
upgrade(-8.746, 2.350, 1.241, 14829)
upgrade(-8.746, 2.350, 1.241, 15314)
upgrade(-8.746, 2.350, 1.241, 15928)
upgrade(-8.746, 2.350, 1.241, 13701)
upgrade(-8.746, 2.350, 1.241, 9077)
upgrade(-8.746, 2.350, 1.241, 16229)
upgrade(-8.746, 2.350, 1.241, 49861)
place(-11.847, 1.000, 1.097, "Engineer", 26043)
upgrade(-11.847, 2.350, 1.097, 27343)
upgrade(-11.847, 2.350, 1.097, 27011)
upgrade(-11.847, 2.350, 1.097, 26453)
upgrade(-11.847, 2.350, 1.097, 24301)
upgrade(-11.847, 2.350, 1.097, 20446)
upgrade(-11.847, 2.350, 1.097, 42443)
place(-2.133, 1.000, 3.143, "Engineer", 12943)
upgrade(-2.133, 2.350, 3.143, 28922)
upgrade(-2.133, 2.350, 3.143, 28583)
upgrade(-2.133, 2.350, 3.143, 28024)
upgrade(-2.133, 2.350, 3.143, 25882)
upgrade(-2.133, 2.350, 3.143, 21097)
upgrade(-2.133, 2.350, 3.143, 37339)
place(1.078, 1.000, 3.038, "Engineer", 5722)
upgrade(1.078, 2.350, 3.038, 12176)
upgrade(1.078, 2.350, 3.038, 11665)
upgrade(1.078, 2.350, 3.038, 11386)
upgrade(1.078, 2.350, 3.038, 9185)
upgrade(1.078, 2.350, 3.038, 22347)
upgrade(1.078, 2.350, 3.038, 38193)
switchUnit(20.421, 0.975, 12.290, "Unit 1", "Riot Guard")
switchUnit(20.421, 0.975, 12.290, "Unit 2", "Riot Guard")
switchUnit(20.421, 0.975, 12.290, "Unit 3", "Riot Guard")
switchUnit(24.980, 0.975, 12.078, "Unit 1", "Riot Guard")
switchUnit(24.980, 0.975, 12.078, "Unit 2", "Riot Guard")
switchUnit(-5.385, 0.975, 10.128, "Unit 1", "Riot Guard")
switchUnit(-5.385, 0.975, 10.128, "Unit 2", "Riot Guard")
switchUnit(-5.385, 0.975, 10.128, "Unit 3", "Riot Guard")
upgrade(-20.563, 2.350, -12.209, 76093)
upgrade(-18.687, 2.350, -10.919, 63593)
upgrade(-18.676, 2.350, -8.378, 56576)
upgrade(-24.328, 2.350, -6.651, 48308)
upgrade(-25.903, 2.350, -11.502, 37495)
upgrade(-25.940, 2.350, -9.167, 24995)
upgrade(-15.589, 2.403, -9.117, 12495)
upgrade(-15.589, 2.403, -9.117, 27790)
upgrade(-15.589, 2.403, -9.117, 71727)
place(-5.610, 1.000, -9.380, "Hacker", 41312)
upgrade(-5.610, 2.403, -9.380, 52380)
upgrade(-5.610, 2.403, -9.380, 52006)
upgrade(-5.610, 2.403, -9.380, 50754)
upgrade(-5.610, 2.403, -9.380, 45042)
upgrade(-5.610, 2.403, -9.380, 26397)
upgrade(-5.610, 2.403, -9.380, 68248)
activateAbility(-5.610, 2.403, -9.380, "Hologram Tower")
activateAbility(-15.589, 2.403, -9.117, "Hologram Tower")
activateAbility(20.421, 0.975, 12.290, "Air-Drop")
activateAbility(24.980, 0.975, 12.078, "Air-Drop")
activateAbility(-5.385, 0.975, 10.128, "Air-Drop")
activateAbility(-5.610, 2.403, -9.380, "Hologram Tower")
activateAbility(-15.589, 2.403, -9.117, "Hologram Tower")
