voteModifiers({Glass = true, Committed = true, ExplodingEnemies = true})
place(13.843, 0.975, 24.013, "Cowboy", 750)
place(16.918, 0.980, 24.182, "Cowboy", 789)
task.wait(1)
upgrade(16.918, 2.330, 24.182, 205)
upgrade(13.843, 2.325, 24.013, 636)
place(13.704, 0.978, 27.131, "Cowboy", 1374)
task.wait(1)
upgrade(13.704, 2.328, 27.131, 774)
place(16.772, 0.982, 27.213, "Cowboy", 801)
task.wait(1)
upgrade(16.772, 2.332, 27.213, 260)
place(10.745, 0.971, 23.971, "Cowboy", 1211)
task.wait(1)
upgrade(10.745, 2.321, 23.971, 716)
place(10.693, 0.974, 27.143, "Cowboy", 1679)
task.wait(1)
upgrade(10.693, 2.324, 27.143, 1079)
upgrade(10.693, 2.324, 27.143, 1034)
upgrade(13.704, 2.328, 27.131, 874)
upgrade(10.745, 2.321, 23.971, 1678)
upgrade(13.843, 2.325, 24.013, 1078)
upgrade(16.772, 2.332, 27.213, 752)
upgrade(16.918, 2.330, 24.182, 1038)
place(10.569, 0.976, 30.231, "Cowboy", 1785)
task.wait(1)
upgrade(10.569, 2.326, 30.231, 1474)
place(13.806, 0.980, 30.229, "Cowboy", 1900)
task.wait(1)
upgrade(13.806, 2.330, 30.229, 1630)
place(16.825, 0.984, 30.247, "Cowboy", 3296)
task.wait(1)
upgrade(16.825, 2.334, 30.247, 2696)
upgrade(13.806, 2.330, 30.229, 3263)
upgrade(10.569, 2.326, 30.231, 3071)
upgrade(16.825, 2.334, 30.247, 3988)
upgrade(10.745, 2.321, 23.971, 5033)
upgrade(10.693, 2.324, 27.143, 4350)
upgrade(10.569, 2.326, 30.231, 4065)
upgrade(13.806, 2.330, 30.229, 3195)
upgrade(13.704, 2.328, 27.131, 2329)
upgrade(13.843, 2.325, 24.013, 2861)
place(8.000, 0.971, 28.487, "Cowboy", 2651)
task.wait(1)
upgrade(8.000, 2.321, 28.487, 2459)
upgrade(8.000, 2.321, 28.487, 2541)
upgrade(8.000, 2.321, 28.487, 2141)
upgrade(16.918, 2.330, 24.182, 2607)
upgrade(16.772, 2.332, 27.213, 2083)
upgrade(16.825, 2.334, 30.247, 2313)
place(8.050, 0.969, 25.457, "Hacker", 3270)
task.wait(1)
upgrade(8.050, 2.372, 25.457, 2454)
upgrade(8.050, 2.372, 25.457, 2092)
place(19.590, 0.985, 25.698, "Hacker", 5936)
task.wait(1)
upgrade(19.590, 2.388, 25.698, 4971)
upgrade(19.590, 2.388, 25.698, 4581)
place(9.225, 0.966, 20.192, "DJ Booth", 5725)
task.wait(1)
upgrade(9.225, 2.331, 20.192, 5235)
upgrade(9.225, 2.331, 20.192, 4995)
upgrade(9.225, 2.331, 20.192, 4203)
task.wait(0.5)
switchTrack(9.225, 2.331, 20.192, "Red")
upgrade(9.225, 2.331, 20.192, 9237)
upgrade(9.225, 2.331, 20.192, 20776)
place(12.345, 0.942, 10.665, "Engineer", 3667)
task.wait(1)
upgrade(12.345, 2.292, 10.665, 3415)
upgrade(12.345, 2.292, 10.665, 3633)
upgrade(12.345, 2.292, 10.665, 3174)
place(12.149, 0.931, 13.663, "Engineer", 4124)
task.wait(1)
upgrade(12.149, 2.281, 13.663, 3935)
upgrade(12.149, 2.281, 13.663, 3739)
upgrade(12.149, 2.281, 13.663, 3733)
place(9.177, 0.927, 10.625, "Engineer", 5203)
task.wait(1)
upgrade(9.177, 2.277, 10.625, 5323)
upgrade(9.177, 2.277, 10.625, 5046)
upgrade(9.177, 2.277, 10.625, 4645)
place(9.145, 0.916, 13.790, "Hacker", 5171)
place(9.090, 0.916, 13.799, "Engineer", 8130)
task.wait(1)
upgrade(9.090, 2.266, 13.799, 8252)
upgrade(9.090, 2.266, 13.799, 8034)
upgrade(9.090, 2.266, 13.799, 7775)
place(6.078, 0.905, 13.818, "Hacker", 7835)
place(6.042, 0.905, 13.794, "Engineer", 9255)
task.wait(1)
upgrade(6.042, 2.255, 13.794, 9506)
upgrade(6.042, 2.255, 13.794, 9463)
upgrade(6.042, 2.255, 13.794, 8957)
place(5.913, 0.912, 10.622, "Engineer", 6876)
task.wait(1)
upgrade(5.913, 2.262, 10.622, 6542)
upgrade(5.913, 2.262, 10.622, 6253)
upgrade(5.913, 2.262, 10.622, 5829)
upgrade(5.913, 2.262, 10.622, 4564)
upgrade(6.042, 2.255, 13.794, 5600)
upgrade(9.090, 2.266, 13.799, 4465)
upgrade(9.177, 2.277, 10.625, 4497)
upgrade(12.149, 2.281, 13.663, 6430)
upgrade(12.345, 2.292, 10.665, 5927)
place(3.095, 0.912, 7.965, "Accelerator", 2954)
place(3.007, 0.912, 8.030, "Accelerator", 6651)
task.wait(1)
upgrade(3.007, 2.262, 8.030, 2174)
upgrade(3.007, 2.262, 8.030, 5435)
upgrade(3.007, 2.262, 8.030, 4554)
place(0.203, 0.921, 6.740, "Accelerator", 6698)
task.wait(1)
upgrade(0.203, 2.271, 6.740, 2381)
upgrade(0.203, 2.271, 6.740, 4237)
upgrade(0.203, 2.271, 6.740, 5005)
place(1.619, 0.933, 10.691, "Accelerator", 12170)
task.wait(1)
upgrade(1.619, 2.283, 10.691, 7882)
upgrade(1.619, 2.283, 10.691, 8145)
upgrade(1.619, 2.283, 10.691, 8269)
place(-1.220, 0.914, 9.476, "Accelerator", 7657)
task.wait(1)
upgrade(-1.220, 2.264, 9.476, 3879)
upgrade(-1.220, 2.264, 9.476, 3058)
upgrade(-1.220, 2.264, 9.476, 4583)
place(-2.329, 0.931, 5.039, "Accelerator", 9019)
task.wait(1)
upgrade(-2.329, 2.281, 5.039, 7739)
upgrade(-2.329, 2.281, 5.039, 6814)
upgrade(-2.329, 2.281, 5.039, 4502)
place(-3.779, 0.924, 7.777, "Accelerator", 5896)
task.wait(1)
upgrade(-3.779, 2.274, 7.777, 1639)
upgrade(-3.779, 2.274, 7.777, 7272)
upgrade(-3.779, 2.274, 7.777, 7322)
place(-4.941, 0.941, 3.530, "Accelerator", 9544)
task.wait(1)
upgrade(-4.941, 2.291, 3.530, 5414)
upgrade(-4.941, 2.291, 3.530, 4474)
upgrade(-4.941, 2.291, 3.530, 8861)
place(-2.179, 0.941, 1.964, "Accelerator", 12311)
task.wait(1)
upgrade(-2.179, 2.291, 1.964, 8006)
upgrade(-2.179, 2.291, 1.964, 9181)
upgrade(-2.179, 2.291, 1.964, 6706)
upgrade(12.345, 2.292, 10.665, 22157)
upgrade(12.149, 2.281, 13.663, 13583)
upgrade(9.177, 2.277, 10.625, 13875)
upgrade(9.090, 2.266, 13.799, 16766)
upgrade(6.042, 2.255, 13.794, 14750)
upgrade(5.913, 2.262, 10.622, 20563)
upgrade(12.149, 2.281, 13.663, 33363)
upgrade(12.345, 2.292, 10.665, 39238)
upgrade(9.177, 2.277, 10.625, 34708)
upgrade(9.090, 2.266, 13.799, 35252)
upgrade(6.042, 2.255, 13.794, 35082)
upgrade(5.913, 2.262, 10.622, 36368)
upgrade(8.000, 2.321, 28.487, 14660)
upgrade(10.569, 2.326, 30.231, 12213)
upgrade(10.693, 2.324, 27.143, 8004)
upgrade(10.745, 2.321, 23.971, 7151)
upgrade(13.843, 2.325, 24.013, 13528)
upgrade(13.704, 2.328, 27.131, 13103)
upgrade(13.704, 2.328, 27.131, 16832)
upgrade(13.806, 2.330, 30.229, 16701)
upgrade(16.918, 2.330, 24.182, 30987)
upgrade(16.772, 2.332, 27.213, 32937)
upgrade(16.825, 2.334, 30.247, 34536)
upgrade(16.825, 2.334, 30.247, 34915)
upgrade(16.918, 2.330, 24.182, 51003)
upgrade(16.772, 2.332, 27.213, 48709)
upgrade(13.843, 2.325, 24.013, 74257)
upgrade(13.806, 2.330, 30.229, 71887)
upgrade(10.745, 2.321, 23.971, 64219)
upgrade(10.693, 2.324, 27.143, 56038)
upgrade(10.569, 2.326, 30.231, 47692)
upgrade(8.000, 2.321, 28.487, 44839)
upgrade(19.590, 2.388, 25.698, 50902)
upgrade(19.590, 2.388, 25.698, 48908)
upgrade(8.050, 2.372, 25.457, 54276)
upgrade(8.050, 2.372, 25.457, 53447)
upgrade(19.590, 2.388, 25.698, 64069)
upgrade(8.050, 2.372, 25.457, 61488)
upgrade(3.007, 2.262, 8.030, 24571)
upgrade(1.619, 2.283, 10.691, 17339)
upgrade(0.203, 2.271, 6.740, 32133)
upgrade(-1.220, 2.264, 9.476, 22509)
upgrade(-2.329, 2.281, 5.039, 13571)
upgrade(-3.779, 2.274, 7.777, 37815)
upgrade(-4.941, 2.291, 3.530, 27409)
upgrade(-2.179, 2.291, 1.964, 20159)
upgrade(3.007, 2.262, 8.030, 64042)
upgrade(1.619, 2.283, 10.691, 41065)
task.wait(0.5)
hologramAbility(8.050, 2.372, 25.457, "Ice Witch", -1.003, 0.931, 12.481)
upgrade(-1.220, 2.264, 9.476, 146508)
upgrade(-1.220, 2.264, 9.476, 119696)
upgrade(0.203, 2.271, 6.740, 119927)
upgrade(-3.779, 2.274, 7.777, 98441)
upgrade(-2.329, 2.281, 5.039, 65141)
upgrade(-2.179, 2.291, 1.964, 39490)
upgrade(-4.941, 2.291, 3.530, 67984)
task.wait(0.5)
hologramAbility(19.590, 2.388, 25.698, "Ice Witch", -3.875, 0.912, 11.380)
activateAbility(9.225, 2.331, 20.192, "Drop The Beat")
