cycleTimeScale()
cycleTimeScale()
cycleTimeScale()
cycleTimeScale()
place(-20.482, 1.000, -12.159, "Brawler", 702)
cycleTimeScale()
upgrade(-20.482, 2.350, -12.159, 458)
place(-38.739, 1.000, 19.801, "Farm", 284)
upgrade(-38.757, 2.241, 19.801, 486)
upgrade(-38.757, 2.241, 19.801, 565)
place(-42.402, 1.000, 20.040, "Farm", 527)
place(-25.999, 1.000, -12.298, "Brawler", 761)
upgrade(-42.419, 2.241, 20.040, 233)
upgrade(-42.419, 2.241, 20.040, 611)
place(-26.060, 1.000, -9.969, "Brawler", 856)
place(-24.364, 1.000, -6.720, "Brawler", 1016)
place(-18.649, 1.000, -10.518, "Brawler", 1156)
place(-18.660, 1.000, -8.462, "Brawler", 796)
upgrade(-18.649, 2.350, -10.518, 888)
upgrade(-18.660, 2.350, -8.462, 588)
upgrade(-25.999, 2.350, -12.298, 788)
upgrade(-26.060, 2.350, -9.969, 496)
upgrade(-24.364, 2.350, -6.720, 652)
place(-37.748, 1.000, 23.362, "Farm", 1120)
upgrade(-37.765, 2.241, 23.362, 1175)
upgrade(-37.765, 2.241, 23.362, 978)
place(-41.615, 1.000, 23.544, "Farm", 1171)
upgrade(-41.632, 2.241, 23.544, 1008)
upgrade(-41.632, 2.241, 23.544, 808)
place(-37.700, 1.000, 26.867, "Farm", 524)
upgrade(-37.718, 2.241, 26.867, 354)
upgrade(-37.718, 2.241, 26.867, 1561)
place(-42.021, 1.000, 27.147, "Farm", 1349)
upgrade(-42.038, 2.241, 27.147, 2399)
upgrade(-42.038, 2.241, 27.147, 2199)
place(-37.501, 1.000, 30.511, "Farm", 1729)
upgrade(-37.518, 2.241, 30.511, 1559)
upgrade(-37.518, 2.241, 30.511, 1359)
place(-41.574, 1.000, 31.271, "Farm", 889)
place(-16.071, 1.000, -10.169, "Electroshocker", 1764)
upgrade(-16.071, 2.350, -10.169, 1409)
upgrade(-16.071, 2.350, -10.169, 1115)
upgrade(-41.591, 2.241, 31.271, 2484)
upgrade(-41.591, 2.241, 31.271, 2285)
upgrade(-41.591, 2.241, 31.271, 2214)
upgrade(-37.518, 2.241, 30.511, 1294)
upgrade(-42.038, 2.241, 27.147, 1754)
upgrade(-37.718, 2.241, 26.867, 1155)
upgrade(-41.632, 2.241, 23.544, 3155)
upgrade(-37.765, 2.241, 23.362, 2155)
upgrade(-42.419, 2.241, 20.040, 1155)
upgrade(-38.757, 2.241, 19.801, 1035)
upgrade(-25.999, 2.350, -12.298, 2057)
upgrade(-20.482, 2.350, -12.159, 5207)
upgrade(-26.060, 2.350, -9.969, 4357)
upgrade(-18.649, 2.350, -10.518, 3507)
upgrade(-24.364, 2.350, -6.720, 3057)
upgrade(-18.660, 2.350, -8.462, 2286)
upgrade(-20.482, 2.350, -12.159, 3392)
upgrade(-20.482, 2.350, -12.159, 6183)
upgrade(-25.999, 2.350, -12.298, 2149)
upgrade(-25.999, 2.350, -12.298, 6678)
upgrade(-26.060, 2.350, -9.969, 2122)
upgrade(-26.060, 2.350, -9.969, 7728)
upgrade(-18.649, 2.350, -10.518, 3028)
upgrade(-18.649, 2.350, -10.518, 5175)
upgrade(-24.364, 2.350, -6.720, 5110)
upgrade(-24.364, 2.350, -6.720, 6881)
reposition(-24.364, 2.350, -6.720, -18.449, 1.000, -3.439)
upgrade(-18.660, 2.350, -8.462, 11076)
upgrade(-18.660, 2.350, -8.462, 9188)
reposition(-24.364, 2.350, -6.720, -24.051, 1.000, -6.755)
reposition(-26.060, 2.350, -9.969, -18.056, 1.000, -2.126)
reposition(-25.999, 2.350, -12.298, -18.260, 1.000, -4.714)
place(25.040, 1.000, 12.133, "Mercenary Base", 23750)
upgrade(25.040, 0.975, 12.133, 21475)
upgrade(25.040, 0.975, 12.133, 20178)
place(20.817, 1.000, 12.094, "Farm", 18340)
place(20.474, 1.000, 12.378, "Mercenary Base", 18340)
upgrade(20.474, 0.975, 12.378, 15590)
upgrade(20.474, 0.975, 12.378, 15490)
place(-4.926, 1.000, 10.092, "Mercenary Base", 15149)
upgrade(-4.926, 0.975, 10.092, 16399)
upgrade(-4.926, 0.975, 10.092, 15049)
upgrade(25.040, 0.975, 12.133, 13934)
switchUnit(20.474, 0.975, 12.378, "Unit 1", "Grenadier")
switchUnit(20.474, 0.975, 12.378, "Unit 2", "Grenadier")
upgrade(20.474, 0.975, 12.378, 8064)
upgrade(-4.926, 0.975, 10.092, 8365)
upgrade(20.474, 0.975, 12.378, 10358)
switchUnit(20.474, 0.975, 12.378, "Unit 3", "Grenadier")
switchUnit(20.474, 0.975, 12.378, "Unit 1", "Rifleman")
switchUnit(20.474, 0.975, 12.378, "Unit 2", "Rifleman")
switchUnit(20.474, 0.975, 12.378, "Unit 1", "Grenadier")
switchUnit(20.474, 0.975, 12.378, "Unit 2", "Grenadier")
upgrade(20.474, 0.975, 12.378, 15953)
upgrade(20.474, 0.975, 12.378, 38621)
upgrade(25.040, 0.975, 12.133, 11353)
switchUnit(25.040, 0.975, 12.133, "Unit 3", "Riot Guard")
upgrade(25.040, 0.975, 12.133, 17683)
upgrade(25.040, 0.975, 12.133, 36301)
switchUnit(25.040, 0.975, 12.133, "Unit 3", "Field Medic")
upgrade(-4.926, 0.975, 10.092, 10224)
upgrade(-4.926, 0.975, 10.092, 8433)
upgrade(-4.926, 0.975, 10.092, 36944)
upgrade(-16.071, 2.350, -10.169, 25194)
upgrade(-16.071, 2.350, -10.169, 23205)
upgrade(-16.071, 2.350, -10.169, 19503)
upgrade(-16.071, 2.350, -10.169, 7941)
place(-10.146, 1.000, -9.920, "Electroshocker", 24466)
upgrade(-10.146, 2.350, -9.920, 25988)
upgrade(-10.146, 2.350, -9.920, 25692)
upgrade(-10.146, 2.350, -9.920, 25868)
upgrade(-10.146, 2.350, -9.920, 24147)
upgrade(-10.146, 2.350, -9.920, 19388)
place(-11.603, 1.000, -3.144, "Electroshocker", 18091)
upgrade(-11.603, 2.350, -3.144, 18866)
upgrade(-11.603, 2.350, -3.144, 18575)
upgrade(-11.603, 2.350, -3.144, 18024)
upgrade(-11.603, 2.350, -3.144, 15977)
upgrade(-11.603, 2.350, -3.144, 11118)
upgrade(-11.603, 2.350, -3.144, 16977)
place(-14.403, 1.000, 3.471, "Electroshocker", 11012)
upgrade(-14.403, 2.350, 3.471, 11787)
upgrade(-14.403, 2.350, 3.471, 11601)
upgrade(-14.403, 2.350, 3.471, 10908)
upgrade(-14.403, 2.350, 3.471, 10058)
upgrade(-14.403, 2.350, 3.471, 18025)
place(-8.710, 1.000, -2.001, "Engineer", 30692)
upgrade(-8.710, 2.350, -2.001, 35334)
upgrade(-8.710, 2.350, -2.001, 35001)
upgrade(-8.710, 2.350, -2.001, 34466)
upgrade(-8.710, 2.350, -2.001, 32221)
upgrade(-8.710, 2.350, -2.001, 28629)
upgrade(-8.710, 2.350, -2.001, 39604)
place(-11.460, 1.000, -0.068, "Engineer", 24974)
upgrade(-11.460, 2.350, -0.068, 29919)
upgrade(-11.460, 2.350, -0.068, 29869)
upgrade(-11.460, 2.350, -0.068, 29306)
upgrade(-11.460, 2.350, -0.068, 28339)
upgrade(-11.460, 2.350, -0.068, 24216)
place(-8.552, 1.000, 1.079, "Engineer", 15556)
upgrade(-11.460, 2.350, -0.068, 37938)
upgrade(-8.552, 2.350, 1.079, 7911)
upgrade(-8.552, 2.350, 1.079, 7623)
upgrade(-8.552, 2.350, 1.079, 7074)
upgrade(-8.552, 2.350, 1.079, 4819)
upgrade(-8.552, 2.350, 1.079, 24635)
upgrade(-8.552, 2.350, 1.079, 35385)
place(-11.044, 1.000, 2.923, "Engineer", 11885)
upgrade(-11.044, 2.350, 2.923, 16285)
upgrade(-11.044, 2.350, 2.923, 15946)
upgrade(-11.044, 2.350, 2.923, 15434)
upgrade(-11.044, 2.350, 2.923, 13176)
upgrade(-11.044, 2.350, 2.923, 8484)
upgrade(-11.044, 2.350, 2.923, 41985)
upgrade(-11.044, 2.350, 2.923, 43983)
place(-2.485, 1.000, 3.278, "Engineer", 24732)
upgrade(-2.485, 2.350, 3.278, 27383)
upgrade(-2.485, 2.350, 3.278, 28500)
upgrade(-2.485, 2.350, 3.278, 27998)
upgrade(-2.485, 2.350, 3.278, 27248)
upgrade(-2.485, 2.350, 3.278, 22917)
upgrade(-2.485, 2.350, 3.278, 37483)
place(0.613, 1.000, 3.225, "Engineer", 7483)
upgrade(0.613, 2.350, 3.225, 16085)
upgrade(0.613, 2.350, 3.225, 15768)
upgrade(0.613, 2.350, 3.225, 15209)
upgrade(0.613, 2.350, 3.225, 12971)
upgrade(0.613, 2.350, 3.225, 18849)
upgrade(0.613, 2.350, 3.225, 48599)
upgrade(-20.482, 2.350, -12.159, 28432)
upgrade(-18.649, 2.350, -10.518, 24932)
upgrade(-18.660, 2.350, -8.462, 32432)
upgrade(-24.364, 2.350, -6.720, 23932)
upgrade(-26.060, 2.350, -9.969, 12932)
upgrade(-25.999, 2.350, -12.298, 17082)
switchUnit(20.474, 0.975, 12.378, "Unit 1", "Riot Guard")
switchUnit(20.474, 0.975, 12.378, "Unit 2", "Riot Guard")
switchUnit(20.474, 0.975, 12.378, "Unit 3", "Field Medic")
switchUnit(25.040, 0.975, 12.133, "Unit 1", "Riot Guard")
switchUnit(25.040, 0.975, 12.133, "Unit 2", "Riot Guard")
switchUnit(-4.926, 0.975, 10.092, "Unit 1", "Riot Guard")
switchUnit(-4.926, 0.975, 10.092, "Unit 2", "Riot Guard")
switchUnit(-4.926, 0.975, 10.092, "Unit 3", "Field Medic")
activateAbility(20.474, 0.975, 12.378, "Air-Drop")
activateAbility(25.040, 0.975, 12.133, "Air-Drop")
activateAbility(-4.926, 0.975, 10.092, "Air-Drop")
activateAbility(20.474, 0.975, 12.378, "Air-Drop")
activateAbility(25.040, 0.975, 12.133, "Air-Drop")
activateAbility(-4.926, 0.975, 10.092, "Air-Drop")
sell(-8.710, 2.350, -2.001)
place(24.136, 1.000, 18.975, "Engineer", 787226)
upgrade(24.136, 2.350, 18.975, 788626)
upgrade(24.136, 2.350, 18.975, 788280)
upgrade(24.136, 2.350, 18.975, 789687)
upgrade(24.136, 2.350, 18.975, 787600)
upgrade(24.136, 2.350, 18.975, 782880)
upgrade(24.136, 2.350, 18.975, 769619)
sell(-11.044, 2.350, 2.923)
place(20.527, 1.000, 19.282, "Engineer", 771434)
upgrade(20.527, 2.350, 19.282, 770834)
upgrade(20.527, 2.350, 19.282, 772398)
upgrade(20.527, 2.350, 19.282, 771962)
upgrade(20.527, 2.350, 19.282, 769755)
upgrade(20.527, 2.350, 19.282, 765052)
upgrade(20.527, 2.350, 19.282, 751729)
place(-20.523, 1.000, -12.132, "Brawler", 702)
upgrade(-20.523, 2.350, -12.132, 458)
place(-37.427, 1.000, 19.374, "Farm", 284)
upgrade(-37.445, 2.241, 19.374, 536)
upgrade(-37.445, 2.241, 19.374, 591)
place(-37.352, 1.000, 23.187, "Farm", 761)
place(-25.988, 1.000, -10.753, "Brawler", 811)
upgrade(-37.369, 2.241, 23.187, 267)
upgrade(-37.369, 2.241, 23.187, 661)
place(-23.865, 1.000, -6.357, "Brawler", 826)
place(-25.893, 1.000, -8.672, "Brawler", 1415)
place(-18.598, 1.000, -10.858, "Brawler", 1395)
place(-18.535, 1.000, -8.726, "Brawler", 875)
upgrade(-25.988, 2.350, -10.753, 1563)
upgrade(-25.893, 2.350, -8.672, 1761)
upgrade(-23.865, 2.350, -6.357, 1463)
upgrade(-18.598, 2.350, -10.858, 1171)
upgrade(-18.535, 2.350, -8.726, 879)
place(-36.858, 1.000, 26.729, "Farm", 1000)
upgrade(-36.875, 2.241, 26.729, 779)
upgrade(-36.875, 2.241, 26.729, 585)
place(-37.402, 1.000, 30.441, "Farm", 798)
upgrade(-37.419, 2.241, 30.441, 855)
upgrade(-37.419, 2.241, 30.441, 657)
place(-37.723, 1.000, 34.759, "Farm", 1105)
upgrade(-37.740, 2.241, 34.759, 935)
upgrade(-37.740, 2.241, 34.759, 784)
place(-37.830, 1.000, 38.295, "Farm", 345)
upgrade(-37.847, 2.241, 38.295, 735)
upgrade(-37.847, 2.241, 38.295, 1462)
place(-15.828, 1.000, -8.992, "Electroshocker", 3112)
upgrade(-15.828, 2.350, -8.992, 2395)
upgrade(-15.828, 2.350, -8.992, 2112)
place(-37.731, 1.000, 41.985, "Farm", 2886)
upgrade(-37.748, 2.241, 41.985, 2636)
upgrade(-37.748, 2.241, 41.985, 2436)
place(-37.908, 1.000, 45.879, "Farm", 3636)
upgrade(-37.925, 2.241, 45.879, 3505)
upgrade(-37.925, 2.241, 45.879, 3307)
upgrade(-37.925, 2.241, 45.879, 2764)
upgrade(-37.748, 2.241, 41.985, 1772)
upgrade(-37.847, 2.241, 38.295, 1491)
upgrade(-37.740, 2.241, 34.759, 1792)
upgrade(-37.419, 2.241, 30.441, 1193)
upgrade(-36.875, 2.241, 26.729, 3443)
upgrade(-37.369, 2.241, 23.187, 2443)
upgrade(-37.445, 2.241, 19.374, 1443)
upgrade(-18.535, 2.350, -8.726, 1429)
upgrade(-18.598, 2.350, -10.858, 2062)
upgrade(-20.523, 2.350, -12.132, 1645)
upgrade(-23.865, 2.350, -6.357, 4795)
upgrade(-25.893, 2.350, -8.672, 3945)
upgrade(-25.988, 2.350, -10.753, 3095)
upgrade(-23.865, 2.350, -6.357, 2965)
upgrade(-23.865, 2.350, -6.357, 7150)
upgrade(-25.988, 2.350, -10.753, 2330)
upgrade(-25.988, 2.350, -10.753, 7874)
upgrade(-25.893, 2.350, -8.672, 2994)
upgrade(-25.893, 2.350, -8.672, 8942)
upgrade(-20.523, 2.350, -12.132, 4254)
upgrade(-20.523, 2.350, -12.132, 5068)
upgrade(-18.598, 2.350, -10.858, 2029)
upgrade(-18.598, 2.350, -10.858, 5095)
reposition(-25.893, 2.350, -8.672, -18.218, 1.000, -2.801)
reposition(-25.988, 2.350, -10.753, -18.413, 1.000, -4.965)
upgrade(-18.535, 2.350, -8.726, 12417)
upgrade(-18.535, 2.350, -8.726, 10767)
place(24.977, 1.000, 12.476, "Mercenary Base", 14301)
upgrade(24.977, 0.975, 12.476, 11901)
upgrade(24.977, 0.975, 12.476, 10551)
place(20.280, 1.000, 12.686, "Mercenary Base", 8151)
upgrade(20.280, 0.975, 12.686, 6066)
upgrade(20.280, 0.975, 12.686, 4805)
place(-5.806, 1.000, 10.853, "Mercenary Base", 2983)
switchUnit(20.280, 0.975, 12.686, "Unit 1", "Grenadier")
switchUnit(20.280, 0.975, 12.686, "Unit 2", "Grenadier")
upgrade(-5.806, 0.975, 10.853, 8080)
upgrade(-5.806, 0.975, 10.853, 6774)
upgrade(24.977, 0.975, 12.476, 8984)
upgrade(20.280, 0.975, 12.686, 7656)
upgrade(-5.806, 0.975, 10.853, 10475)
upgrade(-5.806, 0.975, 10.853, 12460)
