place(-20.308,1.000,-12.439,"Brawler",600)
upgrade(-20.308,2.350,-12.439,1,340)
place(-37.972,1.000,21.335,"Farm",591)
upgrade(-37.989,2.241,21.335,1,341)
upgrade(-37.989,2.241,21.335,1,899)
place(-37.459,1.000,25.224,"Farm",524)
place(-26.060,1.000,-10.426,"Brawler",606)
upgrade(-37.476,2.241,25.224,1,596)
upgrade(-37.476,2.241,25.224,1,600)
place(-23.985,1.000,-6.401,"Brawler",630)
place(-18.398,1.000,-11.161,"Brawler",758)
place(-26.096,1.000,-8.206,"Brawler",818)
place(-18.347,1.000,-8.985,"Brawler",1193)
upgrade(-26.060,2.350,-10.426,1,1093)
upgrade(-26.096,2.350,-8.206,1,793)
upgrade(-18.398,2.350,-11.161,1,501)
upgrade(-18.347,2.350,-8.985,1,649)
upgrade(-23.985,2.350,-6.401,1,349)
place(-37.699,1.000,29.113,"Farm",1077)
upgrade(-37.716,2.241,29.113,1,827)
upgrade(-37.716,2.241,29.113,1,627)
place(-37.805,1.000,32.999,"Farm",827)
upgrade(-37.822,2.241,32.999,1,657)
upgrade(-37.822,2.241,32.999,1,776)
place(-37.445,1.000,36.975,"Farm",387)
upgrade(-37.463,2.241,36.975,1,217)
upgrade(-37.463,2.241,36.975,1,1140)
place(-37.669,1.000,40.650,"Farm",911)
upgrade(-37.686,2.241,40.650,1,661)
upgrade(-37.686,2.241,40.650,1,1811)
place(-37.693,1.000,44.525,"Farm",1261)
upgrade(-37.710,2.241,44.525,1,1091)
upgrade(-37.710,2.241,44.525,1,891)
place(-15.034,1.000,-9.385,"Hacker",1580)
upgrade(-15.034,2.403,-9.385,1,2280)
upgrade(-15.034,2.403,-9.385,1,1680)
place(-37.576,1.000,48.541,"Farm",438)
upgrade(-37.594,2.241,48.541,1,637)
upgrade(-37.594,2.241,48.541,1,701)
upgrade(-37.594,2.241,48.541,1,1800)
upgrade(-37.710,2.241,44.525,1,3050)
upgrade(-37.686,2.241,40.650,1,2050)
upgrade(-37.463,2.241,36.975,1,1050)
upgrade(-37.989,2.241,21.335,1,1370)
upgrade(-37.476,2.241,25.224,1,1484)
upgrade(-37.822,2.241,32.999,1,4394)
upgrade(-37.716,2.241,29.113,1,3394)
upgrade(-26.060,2.350,-10.426,1,2394)
upgrade(-18.347,2.350,-8.985,1,1684)
upgrade(-18.398,2.350,-11.161,1,1535)
upgrade(-20.308,2.350,-12.439,1,981)
upgrade(-26.096,2.350,-8.206,1,1760)
upgrade(-23.985,2.350,-6.401,1,910)
upgrade(-26.060,2.350,-10.426,1,4060)
upgrade(-26.060,2.350,-10.426,1,5063)
upgrade(-20.308,2.350,-12.439,1,4533)
upgrade(-20.308,2.350,-12.439,1,6109)
upgrade(-26.096,2.350,-8.206,1,5697)
upgrade(-26.096,2.350,-8.206,1,5021)
Ability2(-26.060,2.350,-10.426,-18.161,1.000,-2.477,"Reposition","16/50")
Ability2(-26.096,2.350,-8.206,-18.125,1.000,-4.547,"Reposition","16/48")
place(25.909,1.000,11.331,"Mercenary Base",16619)
upgrade(25.909,0.975,11.331,1,13869)
upgrade(25.909,0.975,11.331,1,12519)
place(21.403,1.000,11.284,"Mercenary Base",13769)
upgrade(21.403,0.975,11.284,1,11019)
upgrade(21.403,0.975,11.284,1,10053)
place(-4.715,1.000,10.395,"Mercenary Base",8734)
upgrade(-4.715,0.975,10.395,1,6369)
upgrade(-4.715,0.975,10.395,1,5019)
upgrade(-4.715,0.975,10.395,1,8724)
upgrade(-18.347,2.350,-8.985,1,4014)
upgrade(-18.398,2.350,-11.161,1,2014)
upgrade(-23.985,2.350,-6.401,1,3751)
upgrade(-23.985,2.350,-6.401,1,5751)
upgrade(-18.398,2.350,-11.161,1,5088)
upgrade(-18.347,2.350,-8.985,1,6371)
upgrade(21.403,0.975,11.284,1,9099)
upgrade(25.909,0.975,11.331,1,9797)
upgrade(25.909,0.975,11.331,1,12259)
upgrade(25.909,0.975,11.331,1,13550)
upgrade(25.909,0.975,11.331,1,37222)
upgrade(21.403,0.975,11.284,1,13354)
upgrade(21.403,0.975,11.284,1,17391)
upgrade(21.403,0.975,11.284,1,37182)
upgrade(-4.715,0.975,10.395,1,10582)
upgrade(-4.715,0.975,10.395,1,23993)
upgrade(-4.715,0.975,10.395,1,55709)
place(-1.941,1.000,3.232,"Engineer",27659)
upgrade(-1.941,2.350,3.232,1,27884)
upgrade(-1.941,2.350,3.232,1,29359)
upgrade(-1.941,2.350,3.232,1,28837)
upgrade(-1.941,2.350,3.232,1,26573)
upgrade(-1.941,2.350,3.232,1,22162)
upgrade(-1.941,2.350,3.232,1,8350)
upgrade(-1.941,2.350,3.232,1,37108)
place(1.138,1.000,3.324,"Engineer",6108)
upgrade(1.138,2.350,3.324,1,5508)
upgrade(1.138,2.350,3.324,1,5186)
upgrade(1.138,2.350,3.324,1,10108)
upgrade(1.138,2.350,3.324,1,10108)
upgrade(1.138,2.350,3.324,1,16323)
upgrade(1.138,2.350,3.324,1,46146)
place(4.719,1.000,3.340,"Engineer",14296)
upgrade(4.719,2.350,3.340,1,15346)
upgrade(4.719,2.350,3.340,1,14998)
upgrade(4.719,2.350,3.340,1,14446)
upgrade(4.719,2.350,3.340,1,12196)
upgrade(4.719,2.350,3.340,1,16428)
upgrade(4.719,2.350,3.340,1,43574)
place(-8.622,1.000,0.474,"Engineer",17525)
upgrade(-8.622,2.350,0.474,1,19950)
upgrade(-8.622,2.350,0.474,1,19608)
upgrade(-8.622,2.350,0.474,1,19608)
upgrade(-8.622,2.350,0.474,1,16801)
upgrade(-8.622,2.350,0.474,1,12226)
upgrade(-8.622,2.350,0.474,1,12057)
upgrade(-8.622,2.350,0.474,1,21050)
upgrade(-8.622,2.350,0.474,1,43603)
place(-8.846,1.000,3.615,"Engineer",21113)
upgrade(-8.846,2.350,3.615,1,30013)
upgrade(-8.846,2.350,3.615,1,29677)
upgrade(-8.846,2.350,3.615,1,29113)
upgrade(-8.846,2.350,3.615,1,26884)
upgrade(-8.846,2.350,3.615,1,22114)
upgrade(-8.846,2.350,3.615,1,46788)
place(-11.517,1.000,1.785,"Engineer",17288)
upgrade(-11.517,2.350,1.785,1,21688)
upgrade(-11.517,2.350,1.785,1,21342)
upgrade(-11.517,2.350,1.785,1,20788)
upgrade(-11.517,2.350,1.785,1,18601)
upgrade(-11.517,2.350,1.785,1,13854)
upgrade(-11.517,2.350,1.785,1,288)
upgrade(-11.517,2.350,1.785,1,38425)
upgrade(-15.034,2.403,-9.385,1,34975)
upgrade(-15.034,2.403,-9.385,1,27480)
upgrade(-15.034,2.403,-9.385,1,72420)
place(-5.531,1.000,-9.269,"Hacker",37386)
upgrade(-5.531,2.403,-9.269,1,35986)
upgrade(-5.531,2.403,-9.269,1,35386)
upgrade(-5.531,2.403,-9.269,1,34150)
upgrade(-5.531,2.403,-9.269,1,26799)
upgrade(-5.531,2.403,-9.269,1,4849)
upgrade(-5.531,2.403,-9.269,1,72432)
upgrade(-20.308,2.350,-12.439,1,24199)
upgrade(-18.398,2.350,-11.161,1,16763)
upgrade(-18.347,2.350,-8.985,1,22831)
upgrade(-18.125,2.350,-4.547,1,24957)
upgrade(-18.161,2.350,-2.477,1,48457)
upgrade(-23.985,2.350,-6.401,1,36957)
Ability1(-4.715,0.975,10.395,1,5.574,1.125,7.039,nil,"Air-Drop","39/1'43")
Ability1(21.403,0.975,11.284,1,5.814,1.125,7.030,nil,"Air-Drop","39/1'42")
Ability1(25.909,0.975,11.331,1,5.407,1.125,7.045,nil,"Air-Drop","39/1'41")
Ability3(-15.034,2.403,-9.385,-11.517,2.350,1.785,-12.414,1.000,4.852,"Hologram Tower","40/0")
ability(-5.531,2.403,-9.269,"Hologram Tower","40/0")
ability(-5.531,2.403,-9.269,"Hologram Tower","40/0")
ability(-5.531,2.403,-9.269,"Hologram Tower","40/0")
sell(21.403,0.975,11.284)
place(21.296,1.000,11.314,"Mercenary Base",287410)
upgrade(21.296,0.975,11.314,1,284660)
upgrade(21.296,0.975,11.314,1,283336)
upgrade(21.296,0.975,11.314,1,280560)
upgrade(21.296,0.975,11.314,1,280560)
upgrade(21.296,0.975,11.314,1,285560)
upgrade(21.296,0.975,11.314,1,272060)
Ability1(21.296,0.975,11.314,1,16.495,1.125,14.379,nil,"Air-Drop","40/0")
sell(21.296,0.975,11.314)
place(21.098,1.000,10.401,"Mercenary Base",286880)
upgrade(21.098,0.975,10.401,1,306630)
upgrade(21.098,0.975,10.401,1,305288)
upgrade(21.098,0.975,10.401,1,325030)
upgrade(21.098,0.975,10.401,1,318655)
upgrade(21.098,0.975,10.401,1,308655)
upgrade(21.098,0.975,10.401,1,295155)
Ability1(21.098,0.975,10.401,1,19.689,1.125,15.561,nil,"Air-Drop","40/0")
sell(21.098,0.975,10.401)
place(20.941,1.000,11.602,"Mercenary Base",364975)
upgrade(20.941,0.975,11.602,1,399343)
upgrade(20.941,0.975,11.602,1,417125)
upgrade(20.941,0.975,11.602,1,418873)
upgrade(20.941,0.975,11.602,1,420375)
upgrade(20.941,0.975,11.602,1,414852)
upgrade(20.941,0.975,11.602,1,403559)
Ability1(20.941,0.975,11.602,1,17.696,1.125,15.152,nil,"Air-Drop","40/0")
sell(20.941,0.975,11.602)
place(21.189,1.000,8.627,"Mercenary Base",428445)
upgrade(21.189,0.975,8.627,1,434695)
upgrade(21.189,0.975,8.627,1,435595)
upgrade(21.189,0.975,8.627,1,435093)
upgrade(21.189,0.975,8.627,1,429822)
upgrade(21.189,0.975,8.627,1,422095)
upgrade(21.189,0.975,8.627,1,408595)
Ability1(21.189,0.975,8.627,1,17.152,1.125,14.917,nil,"Air-Drop","40/0")
sell(21.189,0.975,8.627)
place(20.595,1.000,8.336,"Mercenary Base",442915)
upgrade(20.595,0.975,8.336,1,446915)
ability(-15.034,2.403,-9.385,"Hologram Tower","40/0")
Ability3(-15.034,2.403,-9.385,-1.941,2.350,3.232,7.873,1.000,3.350,"Hologram Tower","40/0")
sell(20.595,0.975,8.336)
place(22.262,1.000,8.250,"Mercenary Base",496526)
upgrade(22.262,0.975,8.250,1,498276)
upgrade(22.262,0.975,8.250,1,496929)
upgrade(22.262,0.975,8.250,1,505390)
upgrade(22.262,0.975,8.250,1,502426)
upgrade(22.262,0.975,8.250,1,494676)
upgrade(22.262,0.975,8.250,1,481176)
Ability1(22.262,0.975,8.250,1,15.913,1.125,10.715,nil,"Air-Drop","40/0")
sell(22.262,0.975,8.250)
place(20.749,1.000,9.801,"Mercenary Base",484746)
upgrade(20.749,0.975,9.801,1,484246)
upgrade(20.749,0.975,9.801,1,482896)
upgrade(20.749,0.975,9.801,1,480146)
upgrade(20.749,0.975,9.801,1,474896)
upgrade(20.749,0.975,9.801,1,464896)
upgrade(20.749,0.975,9.801,1,455896)
Ability1(20.749,0.975,9.801,1,14.674,1.125,6.863,nil,"Air-Drop","40/0")
Ability1(25.909,0.975,11.331,1,8.718,1.125,-4.637,nil,"Air-Drop","40/0")
Ability1(-4.715,0.975,10.395,1,8.762,1.125,-5.081,nil,"Air-Drop","40/0")
