place(-20.468, 1.000, -12.190, "Brawler", 702)
upgrade(-20.468, 2.350, -12.190, 458)
place(-36.808, 1.000, 18.720, "Farm", 284)
upgrade(-36.825, 2.241, 18.720, 536)
upgrade(-36.825, 2.241, 18.720, 591)
place(-36.744, 1.000, 22.447, "Farm", 115)
place(-25.856, 1.000, -10.750, "Brawler", 811)
upgrade(-36.762, 2.241, 22.447, 299)
upgrade(-36.762, 2.241, 22.447, 661)
place(-23.899, 1.000, -6.637, "Brawler", 826)
place(-26.057, 1.000, -8.600, "Brawler", 1250)
place(-18.687, 1.000, -10.639, "Brawler", 1286)
place(-18.683, 1.000, -8.633, "Brawler", 851)
upgrade(-25.856, 2.350, -10.750, 571)
upgrade(-26.057, 2.350, -8.600, 1239)
upgrade(-18.687, 2.350, -10.639, 939)
upgrade(-23.899, 2.350, -6.637, 1138)
upgrade(-18.683, 2.350, -8.633, 839)
place(-36.718, 1.000, 26.026, "Farm", 563)
upgrade(-36.735, 2.241, 26.026, 728)
upgrade(-36.735, 2.241, 26.026, 535)
upgrade(-36.735, 2.241, 26.026, 553)
place(-36.793, 1.000, 29.670, "Farm", 772)
upgrade(-36.810, 2.241, 29.670, 829)
upgrade(-36.810, 2.241, 29.670, 640)
place(-37.089, 1.000, 33.174, "Farm", 1079)
upgrade(-37.107, 2.241, 33.174, 935)
upgrade(-37.107, 2.241, 33.174, 809)
upgrade(-37.107, 2.241, 33.174, 406)
place(-37.341, 1.000, 36.672, "Farm", 425)
upgrade(-37.359, 2.241, 36.672, 815)
upgrade(-37.359, 2.241, 36.672, 615)
place(-37.360, 1.000, 40.889, "Farm", 2830)
upgrade(-37.378, 2.241, 40.889, 2660)
upgrade(-37.378, 2.241, 40.889, 2462)
place(-15.485, 1.000, -9.132, "Hacker", 2110)
upgrade(-15.485, 2.403, -9.132, 710)
upgrade(-15.485, 2.403, -9.132, 1519)
place(-37.215, 1.000, 44.799, "Farm", 2160)
upgrade(-37.232, 2.241, 44.799, 2238)
upgrade(-37.232, 2.241, 44.799, 2197)
upgrade(-37.232, 2.241, 44.799, 1872)
upgrade(-37.378, 2.241, 40.889, 2425)
upgrade(-37.359, 2.241, 36.672, 1425)
upgrade(-37.107, 2.241, 33.174, 3175)
upgrade(-36.810, 2.241, 29.670, 2175)
upgrade(-36.735, 2.241, 26.026, 1175)
upgrade(-36.762, 2.241, 22.447, 1181)
upgrade(-36.825, 2.241, 18.720, 1783)
upgrade(-25.856, 2.350, -10.750, 5215)
upgrade(-20.468, 2.350, -12.190, 4366)
upgrade(-26.057, 2.350, -8.600, 3516)
upgrade(-18.687, 2.350, -10.639, 2666)
upgrade(-23.899, 2.350, -6.637, 2256)
upgrade(-18.683, 2.350, -8.633, 1406)
upgrade(-25.856, 2.350, -10.750, 3028)
upgrade(-25.856, 2.350, -10.750, 5218)
upgrade(-20.468, 2.350, -12.190, 3182)
upgrade(-20.468, 2.350, -12.190, 5798)
upgrade(-26.057, 2.350, -8.600, 2254)
upgrade(-26.057, 2.350, -8.600, 6952)
upgrade(-18.687, 2.350, -10.639, 2128)
upgrade(-18.687, 2.350, -10.639, 8986)
upgrade(-18.683, 2.350, -8.633, 4360)
reposition(-26.057, 2.350, -8.600, -18.295, 1.000, -2.473)
reposition(-25.856, 2.350, -10.750, -18.322, 1.000, -4.903)
upgrade(-18.683, 2.350, -8.633, 10572)
upgrade(-23.899, 2.350, -6.637, 5572)
upgrade(-23.899, 2.350, -6.637, 8306)
place(25.223, 1.000, 12.051, "Mercenary Base", 7341)
upgrade(25.223, 0.975, 12.051, 4591)
upgrade(25.223, 0.975, 12.051, 3282)
place(20.654, 1.000, 11.932, "Mercenary Base", 4491)
upgrade(20.654, 0.975, 11.932, 2510)
upgrade(20.654, 0.975, 11.932, 2038)
place(-5.550, 1.000, 10.253, "Mercenary Base", 4403)
upgrade(-5.550, 0.975, 10.253, 1653)
upgrade(-5.550, 0.975, 10.253, 4303)
switchUnit(20.654, 0.975, 11.932, "Unit 1", "Grenadier")
switchUnit(20.654, 0.975, 11.932, "Unit 2", "Grenadier")
upgrade(25.223, 0.975, 12.051, 8243)
upgrade(25.223, 0.975, 12.051, 10423)
upgrade(25.223, 0.975, 12.051, 14410)
switchUnit(25.223, 0.975, 12.051, "Unit 3", "Field Medic")
upgrade(25.223, 0.975, 12.051, 36020)
upgrade(20.654, 0.975, 11.932, 11767)
upgrade(20.654, 0.975, 11.932, 12967)
upgrade(20.654, 0.975, 11.932, 15113)
upgrade(20.654, 0.975, 11.932, 37364)
upgrade(-5.550, 0.975, 10.253, 8511)
upgrade(-5.550, 0.975, 10.253, 10356)
upgrade(-5.550, 0.975, 10.253, 14234)
switchUnit(20.654, 0.975, 11.932, "Unit 3", "Grenadier")
upgrade(-5.550, 0.975, 10.253, 39249)
place(-8.755, 1.000, -1.915, "Engineer", 15705)
upgrade(-8.755, 2.350, -1.915, 18405)
upgrade(-8.755, 2.350, -1.915, 18057)
upgrade(-8.755, 2.350, -1.915, 17555)
upgrade(-8.755, 2.350, -1.915, 15279)
upgrade(-8.755, 2.350, -1.915, 10900)
upgrade(-8.755, 2.350, -1.915, 17505)
upgrade(-8.755, 2.350, -1.915, 38406)
place(-11.931, 1.000, -1.655, "Engineer", 4906)
upgrade(-11.931, 2.350, -1.655, 4556)
upgrade(-11.931, 2.350, -1.655, 4208)
upgrade(-11.931, 2.350, -1.655, 3671)
upgrade(-11.931, 2.350, -1.655, 11841)
upgrade(-11.931, 2.350, -1.655, 7240)
upgrade(-11.931, 2.350, -1.655, 18405)
upgrade(-11.931, 2.350, -1.655, 38248)
place(-8.778, 1.000, 1.430, "Engineer", 7396)
upgrade(-8.778, 2.350, 1.430, 12258)
upgrade(-8.778, 2.350, 1.430, 11911)
upgrade(-8.778, 2.350, 1.430, 13356)
upgrade(-8.778, 2.350, 1.430, 11425)
upgrade(-8.778, 2.350, 1.430, 20108)
upgrade(-8.778, 2.350, 1.430, 35324)
place(-11.814, 1.000, 1.430, "Engineer", 7012)
upgrade(-11.814, 2.350, 1.430, 6433)
upgrade(-11.814, 2.350, 1.430, 6089)
upgrade(-11.814, 2.350, 1.430, 5543)
upgrade(-11.814, 2.350, 1.430, 3390)
upgrade(-11.814, 2.350, 1.430, 14069)
upgrade(-11.814, 2.350, 1.430, 15451)
upgrade(-11.814, 2.350, 1.430, 36258)
place(-2.217, 1.000, 3.330, "Engineer", 8958)
upgrade(-2.217, 2.350, 3.330, 13858)
upgrade(-2.217, 2.350, 3.330, 13510)
upgrade(-2.217, 2.350, 3.330, 12986)
upgrade(-2.217, 2.350, 3.330, 10773)
upgrade(-2.217, 2.350, 3.330, 28037)
upgrade(-2.217, 2.350, 3.330, 40837)
place(1.027, 1.000, 3.375, "Engineer", 12510)
upgrade(1.027, 2.350, 3.375, 16987)
upgrade(1.027, 2.350, 3.375, 16637)
upgrade(1.027, 2.350, 3.375, 16216)
upgrade(1.027, 2.350, 3.375, 14700)
upgrade(1.027, 2.350, 3.375, 10676)
upgrade(1.027, 2.350, 3.375, 15412)
upgrade(1.027, 2.350, 3.375, 35412)
upgrade(-15.485, 2.403, -9.132, 15239)
upgrade(-15.485, 2.403, -9.132, 11233)
upgrade(-15.485, 2.403, -9.132, 29148)
upgrade(-15.485, 2.403, -9.132, 63774)
place(-6.718, 1.000, -9.256, "Hacker", 15937)
upgrade(-6.718, 2.403, -9.256, 18560)
upgrade(-6.718, 2.403, -9.256, 17966)
upgrade(-6.718, 2.403, -9.256, 16745)
upgrade(-6.718, 2.403, -9.256, 9455)
upgrade(-6.718, 2.403, -9.256, 22426)
upgrade(-6.718, 2.403, -9.256, 65803)
switchUnit(20.654, 0.975, 11.932, "Unit 1", "Riot Guard")
switchUnit(20.654, 0.975, 11.932, "Unit 2", "Riot Guard")
switchUnit(20.654, 0.975, 11.932, "Unit 3", "Riot Guard")
switchUnit(25.223, 0.975, 12.051, "Unit 1", "Riot Guard")
switchUnit(25.223, 0.975, 12.051, "Unit 2", "Riot Guard")
switchUnit(-5.550, 0.975, 10.253, "Unit 1", "Riot Guard")
switchUnit(-5.550, 0.975, 10.253, "Unit 2", "Riot Guard")
switchUnit(-5.550, 0.975, 10.253, "Unit 3", "Riot Guard")
upgrade(-26.057, 2.350, -8.600, 64183)
upgrade(-25.856, 2.350, -10.750, 53376)
upgrade(-20.468, 2.350, -12.190, 76314)
upgrade(-18.687, 2.350, -10.639, 63814)
upgrade(-18.683, 2.350, -8.633, 51314)
upgrade(-23.899, 2.350, -6.637, 53062)
activateAbility(-6.718, 2.403, -9.256, "Hologram Tower")
activateAbility(-15.485, 2.403, -9.132, "Hologram Tower")
activateAbility(-5.550, 0.975, 10.253, "Air-Drop")
activateAbility(20.654, 0.975, 11.932, "Air-Drop")
activateAbility(25.223, 0.975, 12.051, "Air-Drop")
activateAbility(-6.718, 2.403, -9.256, "Hologram Tower")
